Columns: ['Unnamed: 0', 'Assistência Técnica', 'Gabriel Dias', 'Gabriel Ferreira dos Santos', 'Gabriel Klein', 'Gabriel Medeiros', 'Josiane Govoni Lanzarini', 'Juliano Chagas', 'Leonardo Schons de Oliveira', 'Mercado Livre', '-Nenhum vendedor-', 'Nilson Borges', 'Rogislei Vieira Padilha', 'Site', 'Vanessa Ferreira', 'Unnamed: 15', 'Total', 'Realizado', 'Unnamed: 18']

   Unnamed: 0  Assistência Técnica  Gabriel Dias  Gabriel Ferreira dos Santos  Gabriel Klein  Gabriel Medeiros  Josiane Govoni Lanzarini  Juliano Chagas  Leonardo Schons de Oliveira  Mercado Livre  -Nenhum vendedor-  Nilson Borges  Rogislei Vieira Padilha     Site  Vanessa Ferreira  Unnamed: 15       Total   Realizado  Unnamed: 18
0  2025-01-01         0.000000e+00     301403.25                    476043.89      232334.07              0.00                      0.00        40372.65                    134218.87           0.00                0.0           0.00                402566.45  49829.0          42905.95     17923.34  1697597.47  1697597.47            0
1  2025-02-01         5.329071e-15     260252.00                    555820.26      318429.48              0.00                      0.00            0.00                    437791.73           0.00                0.0           0.00                538035.75   9710.0          83199.07      9411.98  2212650.27  2212650.27            0
2  2025-03-01         0.000000e+00     306799.90                    130586.15      322706.55              0.00                      0.00            0.00                    311404.00           0.00              193.8           0.00                325836.48  26394.0          76741.31      3480.72  1504142.91  1504142.91            0
3  2025-04-01         9.500700e+03     412161.00                    690514.58      313254.00              0.00                      0.00        19899.91                    304113.00           0.00                0.0           0.00                592838.03  30084.0          79144.91     30691.85  2482201.98  2482201.98            0
4  2025-05-01         6.990000e+02     257339.00                    289985.97      311485.03              0.00                      0.00            0.00                    462146.70           0.00              216.0           0.00                363553.48  35788.2          72335.94      9847.94  1803397.26  1803397.26            0
5  2025-06-01         5.730000e+02     284433.66                    136319.35      389058.41              0.00                      0.00            0.00                    329405.50       32073.20             1029.0           0.00                357906.85  14263.0          82711.60      3821.86  1631595.43  1631595.43            0
6  2025-07-01         6.364000e+03     501828.00                    374949.63      342361.18              0.00                      0.00            0.00                    842033.00       34122.00                0.0       20958.45                437250.08  45494.0          83025.50      2494.34  2690880.18  2690880.18            0
7  2025-08-01         0.000000e+00     593991.75                    547242.28      276508.53              0.00                  53444.00            0.00                    557151.00       41867.55                0.0       17796.00                680830.15  13637.0          61819.00      9920.39  2854207.65  2854207.65            0
8  2025-09-01         0.000000e+00     206038.00                    518952.59      400419.35              0.00                  69340.00            0.00                    379813.00      184465.94                0.0           0.00                617126.36  45659.0          31070.05     13343.39  2466227.68  2466227.68            0
9  2025-10-01         0.000000e+00      53497.00                    506963.79      504518.84              0.00                  65680.00        37648.09                   1487908.00       69812.26             1500.0           0.00                520335.80  13230.0          40447.00     14543.26  3316084.04  3316084.04            0
10 2025-11-01         1.651000e+03     274479.00                    731692.75      251526.68              0.00                  68509.00            0.00                    400673.50      146601.73             5136.0           0.00                563129.43    245.0          12296.00      8886.24  2464826.33  2464826.33            0
11 2025-12-01         2.539250e+03     171983.33                    380555.36      311438.20         199795.61                  42050.50            0.00                    -32590.00       32003.10             1789.0           0.00                331728.45    483.0          15927.65      5460.50  1463163.95  1463163.95            0
12 2026-01-01         0.000000e+00        900.00                    375083.18      272569.15         348752.23                  72626.10            0.00                         0.00       44313.20                0.0           0.00                438800.02  20511.0          14184.00      7183.07  1594921.95  1594921.95            0
13 2026-02-01         0.000000e+00      15140.00                    358533.22      384324.00         326730.59                  76581.00            0.00                         0.00      144458.66            32300.0           0.00                418871.98      0.0           2792.00      3738.05  1763469.50  1763469.50            0
14 2026-03-01         1.439000e+03      13818.00                    461984.81      532030.70         398365.56                  82912.75            0.00                         0.00      155231.46                0.0           0.00                872689.36      0.0           4660.50      7595.77  2530727.91  2530727.91            0
15 2026-04-01         0.000000e+00          0.00                         0.00           0.00              0.00                      0.00            0.00                         0.00           0.00                0.0           0.00                     0.00      0.0              0.00         0.00        0.00         NaN            0
16 2026-05-01         0.000000e+00          0.00                         0.00           0.00              0.00                      0.00            0.00                         0.00           0.00                0.0           0.00                     0.00      0.0              0.00         0.00        0.00         NaN            0
17 2026-06-01         0.000000e+00          0.00                         0.00           0.00              0.00                      0.00            0.00                         0.00           0.00                0.0           0.00                     0.00      0.0              0.00         0.00        0.00         NaN            0
18 2026-07-01         0.000000e+00          0.00                         0.00           0.00              0.00                      0.00            0.00                         0.00           0.00                0.0           0.00                     0.00      0.0              0.00         0.00        0.00         NaN            0
19 2026-08-01         0.000000e+00          0.00                         0.00           0.00              0.00                      0.00            0.00                         0.00           0.00                0.0           0.00                     0.00      0.0              0.00         0.00        0.00         NaN            0